00111111101000100111011010101111010111111111110110100111111111010110111100101110000110110100011001111010001011010111001010000101
00110100100110110000000011001001111001101110011101001000010110000110100100010100101011001111101111100011101101101111110111110101
10011110010110010000110010101011010110010101111111111110101111111101000110101000011110100000011011001100010100000110110111010011
00110001001111100000000011101011001000010000110000000110011110110001001000100001100000111001101001000001100010000100000100010110
10100010100011110101101101111010111100001001101101100011011010001001101001101101011110110110110001011110110110000110101101100001
11110111011111000111101101110101011000000010000000000110110001110011101001101111011000011011111001111101011101111101111101011011
10011011110000001000111011100100100000111010101011111010110001010001110001011000001110011010100001111000100100101100111011010110
00111110111001111100011110011100110111111001000000110010000011100110001100000011001011000010010100111010110101010001100101101110
00110000010101100001110100010011011111110010100011001011111100010010000011110000101110011101000110111100001101110001010000100010
11000111011010000110001010001000110111011010001001001101000101100100001111101110101111111101101100010011010010100001111011101111
10011110110011100111010011011100111110110101000001001111101011000110011100011111110100101001100100110111111000110010010001110011
01001100011001000010111111001111101010101111001000101000011001011101101100111101111100010110010100110101011100010110100010000011
11011001101101000111011010101110100111010011110101000100001100101111011001111011000101111011100001010110111000101011101001001111
00100101110001110100100000001011010111001110000111101011010100101011000010010110110011011111100100100000000110000010011110101000
00010100010010010000110011111011101111010110111110001010001100110110110111100010111011001011111111101011010110000010011110001001
01110000000001010001010100110010110111111110110001101001010010000011001110000101000011101100001001000000001011101101101110001111
01101010000001110111100011001010110010101000000000111100100100010100011001011010001011101101100111001000001011011100111111111001
01111010111100001010100110111001010000001110001011111000101101010010101100110011001011000001111000111110100110011000010101111101
11001101111111110000111101100001010101100011000111110011101000001110101011100101011110100111011100100001001111011011101111001101
01001100010010000100010010110111001111100001001110111101010010100110000101010100011101101110001000101001011000010100000110000101
10111011110001111110111011100001110010100101110010110001111110111000111100101010110001000000111101000011101011011010001110001100
10110001000010101110100110111010001001011010010110110100000100010100111000010110000011011110111100100011101111111010011101001100
10111101110111011010100011011000110111101101100001111111000111100100010010101010100100010100000001111101000100101101000111110110
00100001111100110001010001000100011000111101001100110101000101010011100110011010011100010000011101100100110111111100100010110100
10010100001001110111111111110000100101101101110101111100101011101001110110110101101011001110010011000011001111001111101011000000
10101000011011010101101100111110111101011001000100001100000111101110001100101011011111000110011000110100111100110111000110110010
01110011101011100110111011110010010100011111000101000101110100101111111111110011011110101111100011101100100010000010010110111001
01101010001010101000010000100111000100110010101111000101110010011010001100001000011010010011001101101010000011010100110100001100
10001011011110100101011001000000110101100001001001110001111010011000101001100110100101011110100010011111011101100101110010011111
11011000110100001010110001010010111101010111111111101000001010110000000001011001011000011101111010111001000001111111110100011010
01110001011000100011100111000000011101001011000001110111110001001111110010111011011111010101100100100001001001101100010000111101
00011110101010110101101011101001001101111100101111001100101100110101100101001100000101110101110100110011000001110100010110101011
01111111111101101111000000001110011010101011100100000100011000010100010110101110101111011010101011100101001010010011001011000011
11010101100110001111111111001110110001011110010100011011111101000010011000011110110001010010111101100010001110100100100101110000
11010110010100001011111111010001011010010010111100111100010111111110101111011101101111011110011011010010110010010111110111000110
00111101111111010100001000110101010010000100001101010000011101010100010011011001010110111110100001001001110100000111000001011110
11111001011111111100110100000000110110111101101000000011111000111101010011111001010101001100011101110101100010101000000001101011
01110001111010000101110001001110111101010111000110000111001110000000101101000100011110001011100010100010000100011110010101101001
10100010001100000101110111011010011011101100010100111100101011110110011010010001001010101110110011001110001001111100101000111111
10010111010001110011000011010111000100100101101101010000010111001011011101111101111010101100001110010000110101001100110000011001
00101010001010000101110001001101100101010111011001100100000110100010100110001010111001101010001100111100110001010100110111011100
01010000100000001000001110001101110001100011000100111100001110000111111111110000001011111101110011001110110011000000011001010101
10101010111001110101111001011001111000011010100100110111110001101001101011010010001100101111101110000110001011010100101110010010
11111011011001010011011100110111100000001010111111100111000000010100110010100111000101010111101101111111001010010110111111101011
00101010100100011001001000000000010111111010010111011100010010101111100101110110000011110111010000001001000001100110011011011000
01111011011101101111101010011011010110001101001100100111011001101101010000000010111101000011111100010000001110101100001001010011
01101110101011100001000001111100101000011101010110001001000110011001110111100001101110001000111110001011111001001001001111111111
10001110100100111011100110000001011100010101001110011001000100111000100110110101010000100111000011101001000101001011100111000111
00011011011010011000001011010111101110101001000000110110101101110011011010111100010110111100010111100001100011000111100010001101
10000110010010111000000001101110001100101110111011001111010011010001001101010001001010101011001000111010101101000111000001011001
11111110110111001100011111110111011010010111111101001101101010100101011101110001010111101001001001110011010000001110100011010010
01011100100111000001000011110101000001011101111110010000100110110010000000110111011011101110010110011110100011001101101010100000
10111110001100101000111111100101111010010001110101010010100010011110110001110010001011001010010000011011000010000010011011101010
01000100101001011000011111100100101001011010010100010011001001101101100111110011101110111111000001010001100010100000000000001101
11110011010101010000111100111111111111110110000100000010110000111100110110011111001110011011000101011110010011011011011110110111
01111011100010101101110000101000101100010110101101000101111111100111000110001110110011100100011000101101001000110010010000111001
00011101000101001010101111010100100100100101001100111110000110011101010101101100011010101100110011111100001000101011101111101010
11100001011010001011101010100010111000001011100000000100000111001100001110110100011111100010000111100000111011110111001010000100
11011100110001010011100001001011010010111101110111100000100001100110110101000100000001011000110100011001100111100101100111100101
01110010011011110101100111100001111100111100101110010011111110101010010000001000100010001010000101011111111010100011100011111100
01111010111110010001110011000110000110000000011110011100011000100101000111000111011110110111111010011011101001010000101000011111
11101100110111010100010000110100100001110100111110111100001101010011011111001001101100000101001010110001000000100100001111101100
11111010111000100111000010111110011011001101111110011000110101100101000011110011101001001101011010001010010101000101010001110000
10010010101100000111110111010000101011111111010011000110111110101111100111110011111100000111001110101001101010000100000100100001
11101010000100110100001000101111101100001100111000000000001110001111000011111000100010111001010100100101000001011100100000101100
00100101110001110100111111011101110111101101110010011111100010110001101110001011100101100011000010000000000011101010010101111011
10010110010111010011111000010100101001011111010100111011011110110011111110000010011000011110111101000111011111000010001011011011
10010110001010010010111101111111000000100011000001010011010010000010110100000110110001011110000111100100110011001000101101101010
10000000110001101111010010111011101011100001000101111111111100111011011000101011101010100000110100110001100111110110001011001100
10001101110111010101000101101000101010100110111110010001111010011111100000000111001001110001111011101000101000110110111000110111
01111011111101101111110011010001101010000010110100110111000001111001000010101011100001101101001100110000011000100111100001010001
10110000100011011110010110101101101000111011101001111110001111001100001100100000101001010000010100001111011011100010111000100010
10001000011101100010010111000111111000000001010110110100101011100111000010110010100001111001101100100110010010100111110000111101
11110100010110100100001111011100000110011101000011100100101100010010000000110110000100111010100111100000011110010100111011010110
00110001111001111101100011111101111111110001010010110111101110110001111101110000011001110110101110001100010011000111000111000110
00101110100110110010011100010000010110101111011000111100111111111000010000010111111010111110110001111101001001111011100010011011
00010110000101001011011000101100001001010110001101000100010000101110101111011001101011100100000011101011110010010111011001010000
11110010111101000010010011000011100111110010000101101011111010011010011110010111001011100010011010000010110001001100101001101001
01111001100000000000010011111101100010011110011010111000000011101000001000001100100001011111101011101100011010111000001000101101
01010101110110101100001111111100100101111101111001110010001110010000011010000110011101000111110110111110001100011111111101001011
00001000100000010100000101111110001100011000010101011111111100110001001010010011001001100101000111010010111010000110101100001001
10101011001101100011010111011010000010101100111101110010001101000110011101111110100011101000111010111000011000101111001011000000
11110001100111001110110101100100110101101010000100110101011010000111110001000011011101110001111011000101010010100011100000101111
01101001000010000001011011111010011001101001010111001110111011001011110100010101011011011110101100001001000000011011010111001111
01111101000100010000000000011111110001010001011100011000000000010100111001011101010101110000101100101100000001100111110010100001
11100000011111100000010011000101101110110110011111111000010100101011000010100001110010001011010010111000011100100100000111001111
10010111001110000000011000111110100011110100001001000001110101001001010011111101110101000111111100111110011110101001010011011101
10110011101011100100010101011010111100011001111100111000000011100100111011010011110110110010000001110010100101111110011100111110
11000011011110101101001100001001010010100110001110010011010100111000110110101001100110011010011111001101010001011111111011100110
00101010100001111110100010101001111101100100100011001011001001001111000001000101110010000100110001101111100011001101111010110001
00111011011000100111111110101011100110111100000101001000010111001001100101001101101001010000010000010001111101110000110001011100
01011000001101011001100100101001111111111110110111010110000111010001011010111000101101000001101111101010010011011010100000001010
01001001111111100101010010100011011101010000011101000010011011000001010010010000001010010000111110110010010000000110110000100000
11100010010011110101001000101000111111011010001110001000111011011100111111010101010001000110100111111001101111010000111110010000
01000010001110010000001101001001110111101100101101011010111000101010000001010100111100011101010000000010110011100011111010111111
00111100101000100001011001101011000111001001011000011000010110010111101110010011110100001100001000100001000001000110010010010011
00111110011101011111001100011011101001000001011010100000010111011010010110000001111000111000110010000100000110010100010101111111
10011101100011000011100011000100101100011010110101010001110001001000001000111111011101110001001011010101101000011001110001010100
00011110011001001000111101101001101010100011011111111101111010100111100101110000001100111001001010011101000010001110011111001100
00010011011001000001101010110011100001010001111100111111110111100010101110110110001011111100010111001010001110100000110100101111
10111010101101101100100010011001001000000111110110001111010110111100111100110011110001010110010110010000100010001100100001011000
01110011101110011110100011101101010001000101011110011011011110110101000110011101010011110001000000110110011011110111101110001101
00010000010111100011101010010000001001111100010110001101010001111110000110111010010111001000101101101010100001000100010111101011
11101011111110000101011111010101110111011000110000011110111001001111000100010111011101001000010101000000001100101110011110111000
01111000011101000100111001011010110110100000110010101111010101011100101011111001101100011110100010001111100101101111110010111011
10010110100010101110111111100110001110111010101101000111100010000100011011110101111111101000011010000001110010110110000110101010
10110100010000001110111100000000110000101000000100010100100011010010110001100101000101011111001110001101111100001010111010111101
10010001001111100000011100110101010111110110001000110110011010011001011101001011100001101101101101101010010101011100011110000110
11001100011101101101011101111010111011110001011101110001101001000011111000100000011101101110110101010000101010001110111110101000
10101100100111001100011001101001111110111011011000010001101010001001001001000011010000101110000101000010001111111001110011111000
10011110111111011101110110010111010001100010010100011001111001110001011010001001000101000101010101110011101000000111010011001101
10100111100100010101011000001110010111101011100010110010011110001100110010101110010100001000000101000101100010101110101111010101
10000000001010000101011100010011111100011001010000100101111001110000011011000011011001001101101000101010111010000100011110110101
10100111101101110011001110001100100000001101000110001100111000100101101100101011110011110110010000111010010110000111000101011000
01110011100101011010111101101110001010011101100001101111111100110001111100110111011110001111001010000110011001000111101001110000
00110100111110010000100001110010101100011101100111001011001011101000001100011011001000001101010110101011000001111101110100100110
11001011011000111000110111101100100000001101001000110111000101011010101101000011010000111010011101110001100000011011100111111100
00011111001001110010001101110100110101000101100011000010001010011111101000010011010001000011001000110000001000010100000011000110
01001110100110011000000100000001100011000000111101101000011101101100010011101101011110010110000010100001101000110001010111101101
00101100111110101010100001001011101111001111111111000100110101110000001011011010001101100100100011101110111000011100101100000111
01011001011010101001101000101100010110101111100001111110111010011101001101001011001100000010110001111011110111110110000011110000
01101111001110111101000111110001010110101100011101000110100011010101001001100101010001111111001101111011000010101101100100001001
01101100001110010101010111010101100010100010010011100000011110111110111011100110000010100010011100011011111001001100101111110001
10010100001111001100101011011111111101001001111111011100100011111100101101100111011100001000001000111010001101110001100111001111
01000111000101100000101110111011100000100100000111010001110001010001011001011100010100011100010001101111100001010011101100111000
11101101001011001001101010001011011101001010001101011101011011010111001110100110100001011010111000111000100100010111101000011010
00101111111001011001000111000111000000010010100111110000001111001011010010110011001100110100010111011110101101101010100011001001
10111101110010010101000110010000111011000010000001010100101010111101001000110000100100000111011101111011100000010111010000001101
